	S100.8123_S2	S101.8118_S3	S102.8145_S4	S103.8150_S5	S104.8162_S6	S105.8151_S7	S106.8079_S8	S107.8192_S9	S108.8103_S10	S109.8446_S11	S110.8096_S12	S111.8449_S13	S112.8459_S14	S113.8451_S15	S114.8452_S16	S115.8234_S17	S116.8209_S18	S117.8026_S19	S118.8490_S20	S119.8130_S21	S120.8477_S22	S121.8264_S23	S122.8134_S24	S123.8176_S25	S124.8224_S26	S125.8210_S27	S126.8135_S28	S127.8112_S29	S128.8202_S30	S129.8204_S31	S130.8507_S32	S131.8274_S33	S132.8297_S34	S133.8222_S35	S134.8546_S36	S135.8381_S37	S136.8391_S38	S137.8574_S39	S138.8047_S40	S139.8583_S41	S140.8013_S42	S141.8080_S43	S142.8621_S44	S143.8071_S45	S144.8417_S46	S145.8371_S47	S146.8430_S48	S147.8369_S49	S148.8242_S50	S149.8312_S51
S100.8123_S2	0.0	0.682329280513812	0.9779056641090647	0.8744676503294788	0.6075720293983684	0.726390346664889	0.8850545277827757	0.6707402149848811	0.6763597769167223	0.7303604492644564	0.8592353640179293	0.7883016344776226	0.8987051320748976	0.9961761150339643	0.9111423934855147	0.6923384498649038	0.8647782904019748	0.7504380694328077	0.9229725855342847	0.9799317647813343	0.8075391605555965	0.8648552881146226	0.8444516936710869	0.45657722510537546	0.46975523167829625	0.7860873007253878	0.9194521409105608	0.8396488974719493	0.8890882946366363	0.9119737896044828	0.8825760490660614	0.9927488584999677	0.9429978650430059	0.5739218656433878	0.9460175567378841	0.7634559044212428	0.6975046447247113	0.543515297452079	0.828431572639669	0.9830314525118364	0.532636643645404	0.6024799290952947	0.5734826161304993	0.873798722288504	0.7626961127536729	0.920673775332377	0.8503449441912843	0.9636835634868947	0.576633983339689	0.9861206437763025
S101.8118_S3	0.682329280513812	0.0	0.8950115171220122	0.5682554423664625	0.7291934301544465	0.8064603032099437	0.9138735945358589	0.5718584472922794	0.5535351277200667	0.4001159820254919	0.8772148935363473	0.8126348871356921	0.7062164340500632	0.7551749592210103	0.612336683229588	0.3453671638933984	0.9181211226423008	0.6772909152121777	0.8011524648031809	0.7492657425289264	0.6902756336730212	0.6499019308491287	0.6420861047756664	0.7216370052766807	0.5905008773774174	0.575138088457594	0.631215606546268	0.842906394482065	0.7512152540873027	0.9082801718699167	0.5181410901065127	0.7489273487383229	0.601794894362397	0.5659181218933935	0.9567415492989672	0.917836091228737	0.4746412034093469	0.5163239991233315	0.5884468451561289	0.9210356486695546	0.5622539631328894	0.5963889891256007	0.6894533736963727	0.5134364997132544	0.8653819031020378	0.47994205812219215	0.6698765306623515	0.8716119710879504	0.6053781684095341	0.7926945803809089
S102.8145_S4	0.9779056641090647	0.8950115171220122	0.0	0.8928422332618806	0.9612180556796095	0.9867168036044995	0.989004901460725	0.9744955987357877	0.970701473893649	0.8815777477622416	0.9342168662821602	0.9769901828034047	0.8007511321302723	0.3352106470006062	0.7468086292700697	0.7966431325158086	0.9926444517614231	0.9637390482985199	0.9294012917332491	0.7667197457846191	0.9371308280546523	0.8630758623677054	0.8413835538359182	0.9617920007443834	0.9706392006744914	0.7715811244064492	0.78216560510285	0.9875150116812715	0.9305912915849621	0.9669037958518689	0.7581357693162265	0.24530357835994743	0.7556672630695813	0.9759508182966582	0.9873537890199126	0.9856707582587381	0.978860938185103	0.9702766811532082	0.7451032533004516	0.9699460647119973	0.8543304097829283	0.9733562387069987	0.9817753851615922	0.8665074433416713	0.9828770957932327	0.9519611483905625	0.8461985164585966	0.9588801101264994	0.9780005794809122	0.17586853078842168
S103.8150_S5	0.8744676503294788	0.5682554423664625	0.8928422332618806	0.0	0.7428808793188494	0.8362759251314671	0.9526210899420441	0.7935314525132693	0.7262303285182776	0.5426535826061449	0.7725901637580692	0.9039107945943062	0.7600715962574531	0.6922353487594244	0.7199630452814019	0.568896111820284	0.9660773555382393	0.8051861438256391	0.7858679660722373	0.754854948944913	0.7262369157362452	0.6397482397096632	0.6175395129170358	0.8816606266467572	0.7672601936132668	0.7057198001734499	0.633898082687977	0.9276471232485386	0.7220864356028096	0.9073108162652516	0.6498687415382516	0.6692093306603505	0.5800552147860769	0.7860271978941155	0.9491988868314043	0.9234080922510758	0.7351425959907403	0.7177694073233448	0.671462332960735	0.8876475885987082	0.6493739055231169	0.7787486202388203	0.8737368201974363	0.4347553810309187	0.9399083228428103	0.7693781046157655	0.6818899692522105	0.7495179873793314	0.7919513383348878	0.7502566724832307
S104.8162_S6	0.6075720293983684	0.7291934301544465	0.9612180556796095	0.7428808793188494	0.0	0.7072374514333375	0.7787116817186128	0.5632014484586174	0.41670904660746877	0.5914734652034023	0.571275345412361	0.8224575719365077	0.9641173804073054	0.9939705450442432	0.8785612142705004	0.6664110268148646	0.8937495669128204	0.78472279575122	0.9101431483391547	0.9727661048780654	0.8266051360682046	0.8608372760260977	0.9283470461565704	0.6615520690468073	0.5317127025760484	0.7600754481555545	0.8401630195479255	0.8728592067503489	0.7788971954756765	0.9595877264113756	0.9184542725102304	0.987595436854378	0.9358337707162245	0.5493137424605907	0.7846010034134152	0.8237006602242474	0.5910501390912384	0.7193234131418201	0.9031801973232727	0.9541868315471818	0.5282352609664496	0.6138231984686022	0.6749078942814495	0.8486006877497354	0.8138011654967034	0.9038141360399832	0.8072719562979083	0.9683566062580912	0.4827189937362971	0.9826359869974937
S105.8151_S7	0.726390346664889	0.8064603032099437	0.9867168036044995	0.8362759251314671	0.7072374514333375	0.0	0.9265654337257305	0.6542186145324973	0.7067830935237012	0.7800631613336662	0.7996450474609438	0.9411330900812823	0.8732444859902668	0.9976090744257422	0.9228460369620887	0.7267056507232428	0.9474976844086831	0.7855005765328482	0.9675493129060387	0.9777848024992519	0.8677963418833644	0.9348481416602525	0.9469518646238599	0.820847983016814	0.6783017699810148	0.8712170005881432	0.9671214442063008	0.9033517285140882	0.9378132014746993	0.9792466971922879	0.9420529909278595	0.9970966463044219	0.9749444846058867	0.6632318930824714	0.9593448746627234	0.8020483420273468	0.7455275601397807	0.7129558926477157	0.92177111465732	0.997261965014212	0.7227419743496424	0.6886372167376242	0.8117455272420379	0.8907980524872674	0.799543702989225	0.9575628483570865	0.9035007826623848	0.9863315434746565	0.6399122122679057	0.9949245778278792
S106.8079_S8	0.8850545277827757	0.9138735945358589	0.989004901460725	0.9526210899420441	0.7787116817186128	0.9265654337257305	0.0	0.8668985470601078	0.8467660306194956	0.8837636428917268	0.8904340325344376	0.9432671911151737	0.9823423310125783	0.9973272660965044	0.9609654906822156	0.9011009543201118	0.9741869986677886	0.7522517946407944	0.9780979992332256	0.993090041271946	0.8767474120739088	0.9668788484523763	0.9697927626045293	0.937002776934556	0.815883396779677	0.9286794528684453	0.9723575552738198	0.9643498374066555	0.9747045158625963	0.6993729514139585	0.9709739783558038	0.9965323112320192	0.9756095752903308	0.6898779178849925	0.8934167597216135	0.9586174894538063	0.7260973328562976	0.9018660029695047	0.9318375476965574	0.9835902178986898	0.8689154346334687	0.8716228485646537	0.8487123603602215	0.9407823967809784	0.8493829958689029	0.9809860704644451	0.953507172801374	0.9911220053046921	0.8187581306818881	0.9957558145880303
S107.8192_S9	0.6707402149848811	0.5718584472922794	0.9744955987357877	0.7935314525132693	0.5632014484586174	0.6542186145324973	0.8668985470601078	0.0	0.2893880994702346	0.38341390141418585	0.7349987621910288	0.8509199595668361	0.9501854571764433	0.9950381432868902	0.7780769380961972	0.41147482108746847	0.8783008801275994	0.5965554849446607	0.9231519725994434	0.9674140698670612	0.680443594629301	0.8158636910121355	0.9024395076942775	0.6028605578145294	0.28290007049746424	0.8712892935137915	0.9004583881240567	0.8167977435435476	0.8887526546226933	0.9461039644183342	0.8762852377436998	0.9907884283304913	0.9158317995302652	0.20339066607436163	0.9253356428994085	0.9449199609082451	0.36721993654081286	0.5739322637220835	0.8137449372575263	0.993869562394126	0.4228723073993714	0.3217546091069675	0.5653442847823359	0.7494269432183003	0.7972568839475039	0.9435468131318199	0.7084364236105187	0.959352251531981	0.22481759019052794	0.9814168458694492
S108.8103_S10	0.6763597769167223	0.5535351277200667	0.970701473893649	0.7262303285182776	0.41670904660746877	0.7067830935237012	0.8467660306194956	0.2893880994702346	0.0	0.4788649858717787	0.6547056890018641	0.827711663291594	0.952294047321514	0.9913117628954643	0.8214397803041161	0.5130431145725982	0.9010090425395224	0.6608779335209831	0.8942365915035533	0.9572992255103338	0.7423963773011528	0.8277122213738648	0.8675855048772018	0.6595237978196771	0.3793979547507569	0.7728741318963572	0.8611751768717263	0.8456709828848198	0.8423130971841254	0.9461659040755918	0.8593467846928335	0.9917087700032836	0.9032550007870402	0.3266270833468433	0.843501946687021	0.9394659446999599	0.40783718339698805	0.5953399302608545	0.8487267490820363	0.9807828695813083	0.49398894992926234	0.4646441775645682	0.671317974396453	0.7806234515450855	0.8173909569151583	0.8313315098879015	0.7011789986644461	0.9666339507307327	0.31861829950346987	0.9717365739786478
S109.8446_S11	0.7303604492644564	0.4001159820254919	0.8815777477622416	0.5426535826061449	0.5914734652034023	0.7800631613336662	0.8837636428917268	0.38341390141418585	0.4788649858717787	0.0	0.7429442354150686	0.8207640393267782	0.7612971981263166	0.77191072300159	0.6070039653292371	0.3077190051532629	0.8955512944926061	0.5002521726111524	0.7562276588709973	0.7043972364107096	0.6126307174213085	0.6318160450379635	0.7047051958170125	0.6710773757656039	0.4678995823473665	0.6450529415857316	0.598178670304575	0.8076679385791967	0.7315125201911092	0.8974945284221034	0.6240334922662458	0.7426572493023718	0.6404592317615536	0.424502264969704	0.9322452878234617	0.8333216849658426	0.3857645491300359	0.5783587924546265	0.5989284708703563	0.8893053395675443	0.3931221841160598	0.4149044177798956	0.6054982886674616	0.43068863931519297	0.7219084176725943	0.7155418435204358	0.5436627058454362	0.7625123381274538	0.44539776188348823	0.7560717625434976
S110.8096_S12	0.8592353640179293	0.8772148935363473	0.9342168662821602	0.7725901637580692	0.571275345412361	0.7996450474609438	0.8904340325344376	0.7349987621910288	0.6547056890018641	0.7429442354150686	0.0	0.7575745617260623	0.9586225928773315	0.9970528985818344	0.9089796202069238	0.813226424658768	0.9512127261771823	0.8477806469055583	0.855163851280468	0.9823509839120319	0.8689620756932019	0.934291644539378	0.9685240936939449	0.6988387504667093	0.6349223413195186	0.761777057521942	0.9354790594589671	0.8204324588107256	0.8187988108820274	0.954380923728873	0.9575568752216239	0.9943855402201401	0.9615457853885983	0.729234572894811	0.7836936837673762	0.933153096946579	0.7808240785572571	0.849016411234407	0.9470015555574519	0.9948535037607591	0.517779021739356	0.7480673776382653	0.8708534929551603	0.9303363577209535	0.8658824358636854	0.9655115073228104	0.9187735279539588	0.9817815130038183	0.7376942846481049	0.8672621393736484
S111.8449_S13	0.7883016344776226	0.8126348871356921	0.9769901828034047	0.9039107945943062	0.8224575719365077	0.9411330900812823	0.9432671911151737	0.8509199595668361	0.827711663291594	0.8207640393267782	0.7575745617260623	0.0	0.7231396046664331	0.9840231910443695	0.9527280520147666	0.8139198258149707	0.9704861549669433	0.8288904903633024	0.9098410679632566	0.9643102881395358	0.8249078649076919	0.6769251510629382	0.9020278186897913	0.870132504773492	0.8561420685150747	0.9042211047517562	0.9302123816927232	0.846764191502854	0.9047708973010261	0.6012467265497061	0.8933553789509557	0.9847581983764456	0.90811932611914	0.8620195187760589	0.3890998243955669	0.8164017819981911	0.7735846495084586	0.7619494639978297	0.9501850020569544	0.9720531822601991	0.7770705687195424	0.8160927670083075	0.8142468518481277	0.9156356188746904	0.9199126855015856	0.8582060817143808	0.7324781997871421	0.9442384616607155	0.8598158451624518	0.8942649611606447
S112.8459_S14	0.8987051320748976	0.7062164340500632	0.8007511321302723	0.7600715962574531	0.9641173804073054	0.8732444859902668	0.9823423310125783	0.9501854571764433	0.952294047321514	0.7612971981263166	0.9586225928773315	0.7231396046664331	0.0	0.5049516871345116	0.4402581132677197	0.4989412039856098	0.9786591455228179	0.8260717132155498	0.8157904911158207	0.5714869785223161	0.8155946036110227	0.4884636767938034	0.6753850171637474	0.8782457587562912	0.9067629259022472	0.5141843182620458	0.560099178843573	0.9560145641578793	0.790005060840824	0.6440216218960846	0.4754148838452458	0.6227018260357815	0.5231159612948704	0.9290215076923538	0.9879204351167692	0.8781600870912487	0.8416406808746465	0.7517866622453921	0.4325257274064048	0.8896654684406884	0.6879602571534413	0.912692808415408	0.9105596262769186	0.7066571193166443	0.8423161715768649	0.823505903793287	0.6687224885770529	0.8825445857266536	0.9369338997406262	0.6914603915182994
S113.8451_S15	0.9961761150339643	0.7551749592210103	0.3352106470006062	0.6922353487594244	0.9939705450442432	0.9976090744257422	0.9973272660965044	0.9950381432868902	0.9913117628954643	0.77191072300159	0.9970528985818344	0.9840231910443695	0.5049516871345116	0.0	0.2251241799125555	0.45263910777760086	0.9982129346779584	0.9722560249523017	0.8496461477231623	0.3693910983108052	0.8409118156095614	0.7084219825408617	0.6936877483493881	0.9860377761868317	0.9931634355291609	0.3369531951099146	0.6230082244682453	0.9946671031131262	0.9371252175921629	0.9862507378765589	0.4209170489488636	0.1990348905360595	0.25650850852876184	0.993607553196813	0.9970311992230186	0.9439565826702284	0.9827685601425499	0.9706449626748144	0.27315170505239483	0.814376554420067	0.66972378392704	0.986599737219742	0.9887136918521012	0.7514074100141239	0.9957958423041218	0.8908445456290802	0.676290479732373	0.9006152207640142	0.9958159430803761	0.2932790755180287
S114.8452_S16	0.9111423934855147	0.612336683229588	0.7468086292700697	0.7199630452814019	0.8785612142705004	0.9228460369620887	0.9609654906822156	0.7780769380961972	0.8214397803041161	0.6070039653292371	0.9089796202069238	0.9527280520147666	0.4402581132677197	0.2251241799125555	0.0	0.22464797849479745	0.9649405249594097	0.8646369249597057	0.8472996541033684	0.3333815319996277	0.7782993916865496	0.6615464422549729	0.7263766666269249	0.8944050488220632	0.8114279256650396	0.17037351976603976	0.6653355568059738	0.9446205006339891	0.9156655341854598	0.9894826531733047	0.3983808678066776	0.5694300928580645	0.26651398059831766	0.7924734140734893	0.9730772583114069	0.9852284434579642	0.81007920577446	0.8666443155204026	0.11668745207076126	0.9084444289892621	0.4705270025800412	0.8070708586986154	0.8904021512059899	0.6648272678659441	0.9086346522158791	0.8715828506564242	0.6870216833355052	0.9246229832614317	0.7941958079165242	0.6777617158883567
S115.8234_S17	0.6923384498649038	0.3453671638933984	0.7966431325158086	0.568896111820284	0.6664110268148646	0.7267056507232428	0.9011009543201118	0.41147482108746847	0.5130431145725982	0.3077190051532629	0.813226424658768	0.8139198258149707	0.4989412039856098	0.45263910777760086	0.22464797849479745	0.0	0.9011241912517719	0.653445020496287	0.7907302839874113	0.5102486345338918	0.6517343052249871	0.5210958838660118	0.678811511536587	0.7268644749897377	0.44274774639091496	0.3386772827339888	0.595657380992657	0.8642760819130888	0.760030192970631	0.848165009548754	0.4558429754100767	0.6366443285642676	0.42133508123231	0.4603922419412928	0.9443542663948298	0.9074585573786633	0.4885586675724296	0.626728716151854	0.24382703768365654	0.9225122648986193	0.3084832580676107	0.4943636720413369	0.6691754267301937	0.5080251559311559	0.8420117073955813	0.7319900254218712	0.5852855832393506	0.8905914027574483	0.48116800291793127	0.7241164380631213
S116.8209_S18	0.8647782904019748	0.9181211226423008	0.9926444517614231	0.9660773555382393	0.8937495669128204	0.9474976844086831	0.9741869986677886	0.8783008801275994	0.9010090425395224	0.8955512944926061	0.9512127261771823	0.9704861549669433	0.9786591455228179	0.9982129346779584	0.9649405249594097	0.9011241912517719	0.0	0.9312096040216099	0.9784994631944205	0.9937237780093557	0.9277859301005992	0.9700106380952592	0.9697320592146365	0.8990729362243293	0.8564523849951469	0.9649224674882604	0.9497950034760152	0.945534571690508	0.9477961360281558	0.9591998363519494	0.9709277777677585	0.993809716988158	0.9845426432560168	0.85720854787375	0.9873806856318392	0.9791663405924128	0.8781476249516714	0.8859073054594971	0.9651037149501984	0.9924704307768039	0.863910895487838	0.8649630192487612	0.8657476507841428	0.9525266324377251	0.947967631903994	0.9761481333705865	0.9486331412482133	0.9805782830123652	0.8479952616085064	0.99519829564775
S117.8026_S19	0.7504380694328077	0.6772909152121777	0.9637390482985199	0.8051861438256391	0.78472279575122	0.7855005765328482	0.7522517946407944	0.5965554849446607	0.6608779335209831	0.5002521726111524	0.8477806469055583	0.8288904903633024	0.8260717132155498	0.9722560249523017	0.8646369249597057	0.653445020496287	0.9312096040216099	0.0	0.8511937830446962	0.9003345289053375	0.6409695740068838	0.7865286989415201	0.8412022650880802	0.7443551191484463	0.6361878121650629	0.8191512650276529	0.8490287556364994	0.9207280611138556	0.8151716911588662	0.8956646595503565	0.8598739898325829	0.9258266427631239	0.8889080066270534	0.6051140513125034	0.9561080135589747	0.8560771502052068	0.3520597176419821	0.5754052912746901	0.7685538735824972	0.9566121233243675	0.653573335641269	0.5331179997715385	0.5716922730305267	0.6914268661754065	0.3538692579695507	0.8117212687182764	0.8126123038699145	0.9324609329724565	0.5421880494522918	0.9363650288085299
S118.8490_S20	0.9229725855342847	0.8011524648031809	0.9294012917332491	0.7858679660722373	0.9101431483391547	0.9675493129060387	0.9780979992332256	0.9231519725994434	0.8942365915035533	0.7562276588709973	0.855163851280468	0.9098410679632566	0.8157904911158207	0.8496461477231623	0.8472996541033684	0.7907302839874113	0.9784994631944205	0.8511937830446962	0.0	0.4946672529355636	0.8386686098149525	0.6864473688699102	0.7524219164227428	0.9421047339744207	0.9030551912016777	0.8110178023409412	0.8013643893384823	0.9632005428645902	0.8329236691193918	0.8682317556448462	0.5660086860024676	0.7921505233294955	0.8745228236078824	0.9008476352569317	0.9676192428771218	0.6886498902370413	0.9062446987633759	0.8843591574418668	0.7889132664435069	0.9499402997490756	0.8301962700034886	0.9193818289606593	0.9400868213370825	0.7566616511637946	0.9740031464950866	0.8387736611695391	0.8820121122094391	0.9052591794665507	0.910293657032374	0.8040251507916187
S119.8130_S21	0.9799317647813343	0.7492657425289264	0.7667197457846191	0.754854948944913	0.9727661048780654	0.9777848024992519	0.993090041271946	0.9674140698670612	0.9572992255103338	0.7043972364107096	0.9823509839120319	0.9643102881395358	0.5714869785223161	0.3693910983108052	0.3333815319996277	0.5102486345338918	0.9937237780093557	0.9003345289053375	0.4946672529355636	0.0	0.8091262305247403	0.7579368409187099	0.6701052219045757	0.9742644492729569	0.9639708213728523	0.4305714482454921	0.5947561262150174	0.9888024999638547	0.9436285669093305	0.9877354336447987	0.39388982944162143	0.5130067986347933	0.33523414726135603	0.964300603196721	0.9945900477081074	0.8257594198289403	0.942414366926132	0.9286008832927357	0.367263606917823	0.8867852034468799	0.6855659076078005	0.9547763213245126	0.9691454911664428	0.7393265413277035	0.9852651510644088	0.8345474963583277	0.599852495339988	0.9552049550409905	0.9706984857039236	0.5622626364749481
S120.8477_S22	0.8075391605555965	0.6902756336730212	0.9371308280546523	0.7262369157362452	0.8266051360682046	0.8677963418833644	0.8767474120739088	0.680443594629301	0.7423963773011528	0.6126307174213085	0.8689620756932019	0.8249078649076919	0.8155946036110227	0.8409118156095614	0.7782993916865496	0.6517343052249871	0.9277859301005992	0.6409695740068838	0.8386686098149525	0.8091262305247403	0.0	0.7499977403695961	0.8156779218644594	0.7856198713527605	0.7122450225255731	0.7942060380789249	0.8074471794483162	0.7890350148986517	0.8585430660144202	0.923313677790005	0.7719942588662715	0.8837512019738591	0.7274332853875698	0.7150873707096121	0.9643367587618624	0.9014633646711374	0.7357503156757894	0.7523480958120505	0.7086734870158207	0.8210399764761883	0.6404942511946223	0.5975265368063957	0.5130882636034089	0.7934728091082309	0.8223373461362878	0.8337655985463361	0.7299702593582944	0.8773358491894105	0.752273374913742	0.8881218171858454
S121.8264_S23	0.8648552881146226	0.6499019308491287	0.8630758623677054	0.6397482397096632	0.8608372760260977	0.9348481416602525	0.9668788484523763	0.8158636910121355	0.8277122213738648	0.6318160450379635	0.934291644539378	0.6769251510629382	0.4884636767938034	0.7084219825408617	0.6615464422549729	0.5210958838660118	0.9700106380952592	0.7865286989415201	0.6864473688699102	0.7579368409187099	0.7499977403695961	0.0	0.6981225921112632	0.8950876071758018	0.8583421020606795	0.6689745007362938	0.5932212366388265	0.9184853684796885	0.6957844015293099	0.4828305231208453	0.64764365596334	0.692530916575146	0.6825075902725486	0.8055611228411355	0.9864018647167287	0.8188490650703172	0.8356772038901596	0.808041629433881	0.5773576039121115	0.9444540783117783	0.7327866943409087	0.8326013201880148	0.8449907253265595	0.545899364714051	0.9614520391854976	0.8377676615810068	0.6648382850119126	0.8193910078065264	0.8673053254641552	0.7644547015269187
S122.8134_S24	0.8444516936710869	0.6420861047756664	0.8413835538359182	0.6175395129170358	0.9283470461565704	0.9469518646238599	0.9697927626045293	0.9024395076942775	0.8675855048772018	0.7047051958170125	0.9685240936939449	0.9020278186897913	0.6753850171637474	0.6936877483493881	0.7263766666269249	0.678811511536587	0.9697320592146365	0.8412022650880802	0.7524219164227428	0.6701052219045757	0.8156779218644594	0.6981225921112632	0.0	0.9029609243130667	0.8842796022231706	0.7451996493952243	0.6178730986578473	0.9551672660411795	0.8205871347070601	0.9101880332614544	0.5870997023551465	0.6518295360558904	0.6724740451411628	0.8735198065950001	0.9831244055425665	0.9169402262021851	0.8420768892510055	0.7212964157043354	0.6712096768845153	0.7659316281234543	0.7791230807548849	0.8547533409074439	0.8884918903268534	0.6069665035152989	0.9624613710446172	0.7464105261901454	0.6933378910430041	0.7673398993059192	0.9032446381829431	0.67810242140456
S123.8176_S25	0.45657722510537546	0.7216370052766807	0.9617920007443834	0.8816606266467572	0.6615520690468073	0.820847983016814	0.937002776934556	0.6028605578145294	0.6595237978196771	0.6710773757656039	0.6988387504667093	0.870132504773492	0.8782457587562912	0.9860377761868317	0.8944050488220632	0.7268644749897377	0.8990729362243293	0.7443551191484463	0.9421047339744207	0.9742644492729569	0.7856198713527605	0.8950876071758018	0.9029609243130667	0.0	0.5479567519944046	0.8567392197009115	0.8820002947401928	0.8025582513003953	0.899630106195454	0.9385883482234768	0.8962630370387926	0.9802370402408639	0.941075733034534	0.6301265669312348	0.9500812364981112	0.940070586959052	0.6653135448165672	0.609398493420103	0.8291108782530126	0.9890389418017875	0.5816889241484458	0.6250288988677624	0.6761081878881434	0.8623463357007132	0.688333485599827	0.9167475960051057	0.8495825647589952	0.9627187109505722	0.6746161372407549	0.9596095831575231
S124.8224_S26	0.46975523167829625	0.5905008773774174	0.9706392006744914	0.7672601936132668	0.5317127025760484	0.6783017699810148	0.815883396779677	0.28290007049746424	0.3793979547507569	0.4678995823473665	0.6349223413195186	0.8561420685150747	0.9067629259022472	0.9931634355291609	0.8114279256650396	0.44274774639091496	0.8564523849951469	0.6361878121650629	0.9030551912016777	0.9639708213728523	0.7122450225255731	0.8583421020606795	0.8842796022231706	0.5479567519944046	0.0	0.8096252661188581	0.8915794958377659	0.8077884878807213	0.8280786847725009	0.9594699430808229	0.889023445179554	0.9917935827976404	0.9235338414195469	0.2668807898070421	0.9046264721843784	0.9306614165647706	0.4087866851577413	0.539018434231372	0.8085944906837225	0.9869780951718832	0.31310547797295807	0.3822138477606657	0.5998359285246637	0.763380283433146	0.8188007789109588	0.9402188077635957	0.7539263465856377	0.9586267402390919	0.2970551466368996	0.9820676106167338
S125.8210_S27	0.7860873007253878	0.575138088457594	0.7715811244064492	0.7057198001734499	0.7600754481555545	0.8712170005881432	0.9286794528684453	0.8712892935137915	0.7728741318963572	0.6450529415857316	0.761777057521942	0.9042211047517562	0.5141843182620458	0.3369531951099146	0.17037351976603976	0.3386772827339888	0.9649224674882604	0.8191512650276529	0.8110178023409412	0.4305714482454921	0.7942060380789249	0.6689745007362938	0.7451996493952243	0.8567392197009115	0.8096252661188581	0.0	0.6594449986116547	0.9699750188022875	0.868380694148806	0.9687644488079541	0.44626300647832795	0.621589714427487	0.3553222040896342	0.8476594743749527	0.9559370923624848	0.8020405879552902	0.822161564024553	0.8221117703628976	0.24482745868083766	0.9254424715380908	0.4992826741521361	0.770566336848115	0.8666642910595188	0.6958742925638686	0.8138618354881855	0.757205724815343	0.7611159113119149	0.9542291954416724	0.8137247400761343	0.7152930052982258
S126.8135_S28	0.9194521409105608	0.631215606546268	0.78216560510285	0.633898082687977	0.8401630195479255	0.9671214442063008	0.9723575552738198	0.9004583881240567	0.8611751768717263	0.598178670304575	0.9354790594589671	0.9302123816927232	0.560099178843573	0.6230082244682453	0.6653355568059738	0.595657380992657	0.9497950034760152	0.8490287556364994	0.8013643893384823	0.5947561262150174	0.8074471794483162	0.5932212366388265	0.6178730986578473	0.8820002947401928	0.8915794958377659	0.6594449986116547	0.0	0.9577837627913791	0.7246451831390612	0.8805405495862746	0.5021642981823381	0.47785544687648573	0.5481837691900056	0.8850617641982014	0.9825190191512863	0.9425518062253941	0.858195226315356	0.7938548590415827	0.6013508481100134	0.8060527327360743	0.7192412024912763	0.8280827922851679	0.8916168073718506	0.5451061598658935	0.954152537795611	0.714982475063779	0.5341021392902268	0.7750952544774893	0.9178620671349413	0.5178192678948982
S127.8112_S29	0.8396488974719493	0.842906394482065	0.9875150116812715	0.9276471232485386	0.8728592067503489	0.9033517285140882	0.9643498374066555	0.8167977435435476	0.8456709828848198	0.8076679385791967	0.8204324588107256	0.846764191502854	0.9560145641578793	0.9946671031131262	0.9446205006339891	0.8642760819130888	0.945534571690508	0.9207280611138556	0.9632005428645902	0.9888024999638547	0.7890350148986517	0.9184853684796885	0.9551672660411795	0.8025582513003953	0.8077884878807213	0.9699750188022875	0.9577837627913791	0.0	0.9564492247156886	0.9359551591410308	0.9532383179648838	0.9943585304841049	0.975291305346468	0.8311631723844282	0.9088932855416688	0.9704638109136888	0.8423673887715674	0.8478283860016737	0.9383853235983626	0.9881790666687492	0.7995789098708536	0.8357514517151462	0.9063196888973488	0.936882495752341	0.9441069511539268	0.9716234720803704	0.9145468901679363	0.9675146662414875	0.8294963633395596	0.9473544033023302
S128.8202_S30	0.8890882946366363	0.7512152540873027	0.9305912915849621	0.7220864356028096	0.7788971954756765	0.9378132014746993	0.9747045158625963	0.8887526546226933	0.8423130971841254	0.7315125201911092	0.8187988108820274	0.9047708973010261	0.790005060840824	0.9371252175921629	0.9156655341854598	0.760030192970631	0.9477961360281558	0.8151716911588662	0.8329236691193918	0.9436285669093305	0.8585430660144202	0.6957844015293099	0.8205871347070601	0.899630106195454	0.8280786847725009	0.868380694148806	0.7246451831390612	0.9564492247156886	0.0	0.8522673600483176	0.8551064595782442	0.8304889671639546	0.9224596787120083	0.8855568439826116	0.9571520858559067	0.9450422276749232	0.8498622678092183	0.8448198104618078	0.8319357824798844	0.9688703397867876	0.8425896721288558	0.8635921305815182	0.88955457005874	0.667717274326187	0.9043405535611343	0.8585764399461162	0.810575516437552	0.8305138651126882	0.8389397207076928	0.860059672780949
S129.8204_S31	0.9119737896044828	0.9082801718699167	0.9669037958518689	0.9073108162652516	0.9595877264113756	0.9792466971922879	0.6993729514139585	0.9461039644183342	0.9461659040755918	0.8974945284221034	0.954380923728873	0.6012467265497061	0.6440216218960846	0.9862507378765589	0.9894826531733047	0.848165009548754	0.9591998363519494	0.8956646595503565	0.8682317556448462	0.9877354336447987	0.923313677790005	0.4828305231208453	0.9101880332614544	0.9385883482234768	0.9594699430808229	0.9687644488079541	0.8805405495862746	0.9359551591410308	0.8522673600483176	0.0	0.9118109724787569	0.9276374741308291	0.9717611329607716	0.9719696106649985	0.9865719402775789	0.7971013418722059	0.9382127526469535	0.8620006071525679	0.9372429788322125	0.9954842380793326	0.93182326131831	0.8989570801354879	0.8778541227805696	0.8518400034220972	0.9862635439971179	0.9097104612749323	0.7550324767500286	0.9176411080356096	0.9619623742868407	0.9376845010886572
S130.8507_S32	0.8825760490660614	0.5181410901065127	0.7581357693162265	0.6498687415382516	0.9184542725102304	0.9420529909278595	0.9709739783558038	0.8762852377436998	0.8593467846928335	0.6240334922662458	0.9575568752216239	0.8933553789509557	0.4754148838452458	0.4209170489488636	0.3983808678066776	0.4558429754100767	0.9709277777677585	0.8598739898325829	0.5660086860024676	0.39388982944162143	0.7719942588662715	0.64764365596334	0.5870997023551465	0.8962630370387926	0.889023445179554	0.44626300647832795	0.5021642981823381	0.9532383179648838	0.8551064595782442	0.9118109724787569	0.0	0.47093538193447904	0.39124793638454247	0.8826716451795165	0.9744338768386817	0.8459101806784644	0.7692341367409554	0.6980570447927965	0.4053762583637307	0.9010806420184583	0.6517175377406715	0.8852424869615139	0.8895032858151734	0.6072226215880012	0.9579823431029391	0.6546649112777141	0.5779335357792872	0.9084229349946521	0.8935138749349654	0.5561440233570673
S131.8274_S33	0.9927488584999677	0.7489273487383229	0.24530357835994743	0.6692093306603505	0.987595436854378	0.9970966463044219	0.9965323112320192	0.9907884283304913	0.9917087700032836	0.7426572493023718	0.9943855402201401	0.9847581983764456	0.6227018260357815	0.1990348905360595	0.5694300928580645	0.6366443285642676	0.993809716988158	0.9258266427631239	0.7921505233294955	0.5130067986347933	0.8837512019738591	0.692530916575146	0.6518295360558904	0.9802370402408639	0.9917935827976404	0.621589714427487	0.47785544687648573	0.9943585304841049	0.8304889671639546	0.9276374741308291	0.47093538193447904	0.0	0.42621464817046095	0.9925566016985865	0.9978345219345391	0.9435484685650044	0.9791507325233056	0.957563651146858	0.5299108526939534	0.9104474196792787	0.7924039144654439	0.9847309147345905	0.9882388635615186	0.6657796378687713	0.9958498886951634	0.8919619960258532	0.624517522066643	0.8457731475197834	0.9946685171321824	0.1309553265015111
S132.8297_S34	0.9429978650430059	0.601794894362397	0.7556672630695813	0.5800552147860769	0.9358337707162245	0.9749444846058867	0.9756095752903308	0.9158317995302652	0.9032550007870402	0.6404592317615536	0.9615457853885983	0.90811932611914	0.5231159612948704	0.25650850852876184	0.26651398059831766	0.42133508123231	0.9845426432560168	0.8889080066270534	0.8745228236078824	0.33523414726135603	0.7274332853875698	0.6825075902725486	0.6724740451411628	0.941075733034534	0.9235338414195469	0.3553222040896342	0.5481837691900056	0.975291305346468	0.9224596787120083	0.9717611329607716	0.39124793638454247	0.42621464817046095	0.0	0.9235963868568164	0.9795266055587906	0.9569512097006915	0.8793345516483216	0.8624953486255872	0.34468751733300074	0.8675130385309108	0.6096011072689578	0.9005111335172697	0.9077755708678437	0.6849959707217775	0.9665311535725256	0.8049668023216123	0.4870458313824888	0.8927453133643527	0.9341974976789122	0.5336586624842591
S133.8222_S35	0.5739218656433878	0.5659181218933935	0.9759508182966582	0.7860271978941155	0.5493137424605907	0.6632318930824714	0.6898779178849925	0.20339066607436163	0.3266270833468433	0.424502264969704	0.729234572894811	0.8620195187760589	0.9290215076923538	0.993607553196813	0.7924734140734893	0.4603922419412928	0.85720854787375	0.6051140513125034	0.9008476352569317	0.964300603196721	0.7150873707096121	0.8055611228411355	0.8735198065950001	0.6301265669312348	0.2668807898070421	0.8476594743749527	0.8850617641982014	0.8311631723844282	0.8855568439826116	0.9719696106649985	0.8826716451795165	0.9925566016985865	0.9235963868568164	0.0	0.9198597611068361	0.9765160952897332	0.37453137502597456	0.5132380266804673	0.8188215127341808	0.9895664721291768	0.3921894673881974	0.4104308682989748	0.57658343649111	0.7544213928436936	0.7894926505686215	0.9266652977317877	0.7235082599589246	0.9568129762690429	0.22663434619181988	0.9854677856013643
S134.8546_S36	0.9460175567378841	0.9567415492989672	0.9873537890199126	0.9491988868314043	0.7846010034134152	0.9593448746627234	0.8934167597216135	0.9253356428994085	0.843501946687021	0.9322452878234617	0.7836936837673762	0.3890998243955669	0.9879204351167692	0.9970311992230186	0.9730772583114069	0.9443542663948298	0.9873806856318392	0.9561080135589747	0.9676192428771218	0.9945900477081074	0.9643367587618624	0.9864018647167287	0.9831244055425665	0.9500812364981112	0.9046264721843784	0.9559370923624848	0.9825190191512863	0.9088932855416688	0.9571520858559067	0.9865719402775789	0.9744338768386817	0.9978345219345391	0.9795266055587906	0.9198597611068361	0.0	0.9936536303190425	0.8960710485028811	0.9375367515538404	0.9822927988114082	0.9981233590238208	0.8769782935107984	0.9404956997115086	0.9644361904983826	0.9765383594738823	0.9667886700974687	0.9861675193910695	0.9663650022797288	0.9966364884405184	0.8831955796405903	0.9517438545126828
S135.8381_S37	0.7634559044212428	0.917836091228737	0.9856707582587381	0.9234080922510758	0.8237006602242474	0.8020483420273468	0.9586174894538063	0.9449199609082451	0.9394659446999599	0.8333216849658426	0.933153096946579	0.8164017819981911	0.8781600870912487	0.9439565826702284	0.9852284434579642	0.9074585573786633	0.9791663405924128	0.8560771502052068	0.6886498902370413	0.8257594198289403	0.9014633646711374	0.8188490650703172	0.9169402262021851	0.940070586959052	0.9306614165647706	0.8020405879552902	0.9425518062253941	0.9704638109136888	0.9450422276749232	0.7971013418722059	0.8459101806784644	0.9435484685650044	0.9569512097006915	0.9765160952897332	0.9936536303190425	0.0	0.8972774972142874	0.8868046303583391	0.9605921371495014	0.9094958989998435	0.949076953976882	0.7790582929309773	0.9005088429128565	0.9057614671065498	0.8247382338613964	0.918958771538464	0.8416932701399104	0.9529202643637069	0.8726860041052901	0.9413244011362664
S136.8391_S38	0.6975046447247113	0.4746412034093469	0.978860938185103	0.7351425959907403	0.5910501390912384	0.7455275601397807	0.7260973328562976	0.36721993654081286	0.40783718339698805	0.3857645491300359	0.7808240785572571	0.7735846495084586	0.8416406808746465	0.9827685601425499	0.81007920577446	0.4885586675724296	0.8781476249516714	0.3520597176419821	0.9062446987633759	0.942414366926132	0.7357503156757894	0.8356772038901596	0.8420768892510055	0.6653135448165672	0.4087866851577413	0.822161564024553	0.858195226315356	0.8423673887715674	0.8498622678092183	0.9382127526469535	0.7692341367409554	0.9791507325233056	0.8793345516483216	0.37453137502597456	0.8960710485028811	0.8972774972142874	0.0	0.4749825836924897	0.8341426822100864	0.9680899398848839	0.5572936918248551	0.37541284111245965	0.6620718221980443	0.7175273097278021	0.4188679628896407	0.7269380896600532	0.682932690011247	0.9652224263178847	0.31306717102374637	0.9378054037772304
S137.8574_S39	0.543515297452079	0.5163239991233315	0.9702766811532082	0.7177694073233448	0.7193234131418201	0.7129558926477157	0.9018660029695047	0.5739322637220835	0.5953399302608545	0.5783587924546265	0.849016411234407	0.7619494639978297	0.7517866622453921	0.9706449626748144	0.8666443155204026	0.626728716151854	0.8859073054594971	0.5754052912746901	0.8843591574418668	0.9286008832927357	0.7523480958120505	0.808041629433881	0.7212964157043354	0.609398493420103	0.539018434231372	0.8221117703628976	0.7938548590415827	0.8478283860016737	0.8448198104618078	0.8620006071525679	0.6980570447927965	0.957563651146858	0.8624953486255872	0.5132380266804673	0.9375367515538404	0.8868046303583391	0.4749825836924897	0.0	0.8379953055471805	0.9626858908740777	0.5704415559492555	0.5736370664906959	0.6258925928627791	0.7721806153054158	0.7213170475053385	0.668345564496252	0.6790499732864334	0.9440267557736214	0.5429275302949939	0.929886589056647
S138.8047_S40	0.828431572639669	0.5884468451561289	0.7451032533004516	0.671462332960735	0.9031801973232727	0.92177111465732	0.9318375476965574	0.8137449372575263	0.8487267490820363	0.5989284708703563	0.9470015555574519	0.9501850020569544	0.4325257274064048	0.27315170505239483	0.11668745207076126	0.24382703768365654	0.9651037149501984	0.7685538735824972	0.7889132664435069	0.367263606917823	0.7086734870158207	0.5773576039121115	0.6712096768845153	0.8291108782530126	0.8085944906837225	0.24482745868083766	0.6013508481100134	0.9383853235983626	0.8319357824798844	0.9372429788322125	0.4053762583637307	0.5299108526939534	0.34468751733300074	0.8188215127341808	0.9822927988114082	0.9605921371495014	0.8341426822100864	0.8379953055471805	0.0	0.9082457525898711	0.5031841740019283	0.8318244018332731	0.7932048099738478	0.578615926094266	0.8742247252049122	0.835441192351124	0.7252721132053146	0.8837507588601797	0.8234072599167855	0.6621526966161992
S139.8583_S41	0.9830314525118364	0.9210356486695546	0.9699460647119973	0.8876475885987082	0.9541868315471818	0.997261965014212	0.9835902178986898	0.993869562394126	0.9807828695813083	0.8893053395675443	0.9948535037607591	0.9720531822601991	0.8896654684406884	0.814376554420067	0.9084444289892621	0.9225122648986193	0.9924704307768039	0.9566121233243675	0.9499402997490756	0.8867852034468799	0.8210399764761883	0.9444540783117783	0.7659316281234543	0.9890389418017875	0.9869780951718832	0.9254424715380908	0.8060527327360743	0.9881790666687492	0.9688703397867876	0.9954842380793326	0.9010806420184583	0.9104474196792787	0.8675130385309108	0.9895664721291768	0.9981233590238208	0.9094958989998435	0.9680899398848839	0.9626858908740777	0.9082457525898711	0.0	0.9317353145165065	0.9728610335262637	0.9408883248790554	0.910057373473433	0.9789104968650131	0.9330825614352605	0.8460166757714576	0.7829292630974968	0.9937987473487059	0.9159003932804355
S140.8013_S42	0.532636643645404	0.5622539631328894	0.8543304097829283	0.6493739055231169	0.5282352609664496	0.7227419743496424	0.8689154346334687	0.4228723073993714	0.49398894992926234	0.3931221841160598	0.517779021739356	0.7770705687195424	0.6879602571534413	0.66972378392704	0.4705270025800412	0.3084832580676107	0.863910895487838	0.653573335641269	0.8301962700034886	0.6855659076078005	0.6404942511946223	0.7327866943409087	0.7791230807548849	0.5816889241484458	0.31310547797295807	0.4992826741521361	0.7192412024912763	0.7995789098708536	0.8425896721288558	0.93182326131831	0.6517175377406715	0.7924039144654439	0.6096011072689578	0.3921894673881974	0.8769782935107984	0.949076953976882	0.5572936918248551	0.5704415559492555	0.5031841740019283	0.9317353145165065	0.0	0.4902781716072161	0.5828244700455623	0.71565765673633	0.8193074809184984	0.8825954478648954	0.6861721445207869	0.9213312217079754	0.433115927214617	0.7886671529791951
